% Output from Matlab function sfrmat3.m
% Analysis:  Spatial Frequency Response
% 25-Jun-2018 17:07:50
% Image/data evaluated:  D:\whp17\volumetricfocalstack\MATHWORKS_MTF\Results\middle.JPG
% This output file: D:\whp17\volumetricfocalstack\MATHWORKS_MTF\Results\re.txt
% Selected region: (2821, 2905), to (3031, 3301)
% OECF applied: none
%Sampling intervals	0.992	0.248
%Sampling Efficiency r,g,b,Lum	100	100	100	100
%  
% Frequency	    SFR-r	    SFR-g	    SFR-b	    Lum
   0.000	   1.0000	   1.0000	   1.0000	   1.0000
   0.807	   0.9332	   0.9536	   0.9395	   0.9464
   1.614	   0.8299	   0.8588	   0.8349	   0.8459
   2.421	   0.7162	   0.7560	   0.7313	   0.7367
   3.228	   0.5926	   0.6453	   0.6093	   0.6175
   4.035	   0.4616	   0.5349	   0.4916	   0.4982
   4.842	   0.3530	   0.4286	   0.3823	   0.3880
   5.649	   0.2502	   0.3276	   0.2845	   0.2869
   6.456	   0.1835	   0.2396	   0.2108	   0.2064
   7.263	   0.1317	   0.1694	   0.1548	   0.1442
   8.070	   0.1016	   0.1162	   0.1112	   0.0984
   8.877	   0.0738	   0.0769	   0.0724	   0.0643
   9.684	   0.0617	   0.0485	   0.0451	   0.0415
  10.491	   0.0496	   0.0304	   0.0299	   0.0281
  11.298	   0.0411	   0.0249	   0.0180	   0.0194
  12.105	   0.0343	   0.0238	   0.0138	   0.0160
  12.912	   0.0258	   0.0138	   0.0114	   0.0056
  13.719	   0.0205	   0.0096	   0.0083	   0.0059
  14.526	   0.0130	   0.0179	   0.0027	   0.0119
  15.333	   0.0057	   0.0168	   0.0018	   0.0111
  16.140	   0.0058	   0.0078	   0.0057	   0.0037
  16.947	   0.0050	   0.0056	   0.0072	   0.0022
  17.754	   0.0044	   0.0048	   0.0069	   0.0038
  18.561	   0.0117	   0.0050	   0.0107	   0.0061
  19.368	   0.0104	   0.0051	   0.0120	   0.0064
  20.175	   0.0096	   0.0092	   0.0144	   0.0089
  20.982	   0.0108	   0.0121	   0.0164	   0.0114
  21.789	   0.0117	   0.0100	   0.0139	   0.0099
  22.596	   0.0046	   0.0031	   0.0098	   0.0037
  23.403	   0.0015	   0.0062	   0.0049	   0.0040
  24.210	   0.0034	   0.0042	   0.0067	   0.0022
  25.017	   0.0100	   0.0066	   0.0082	   0.0071
  25.824	   0.0060	   0.0111	   0.0053	   0.0092
  26.631	   0.0042	   0.0115	   0.0031	   0.0085
  27.438	   0.0064	   0.0152	   0.0062	   0.0121
  28.245	   0.0125	   0.0163	   0.0129	   0.0142
  29.052	   0.0086	   0.0109	   0.0076	   0.0084
  29.859	   0.0057	   0.0078	   0.0049	   0.0049
  30.666	   0.0018	   0.0131	   0.0052	   0.0096
  31.473	   0.0056	   0.0159	   0.0086	   0.0125
  32.280	   0.0073	   0.0123	   0.0078	   0.0101
  33.087	   0.0091	   0.0114	   0.0072	   0.0098
  33.894	   0.0063	   0.0054	   0.0054	   0.0057
  34.701	   0.0029	   0.0036	   0.0012	   0.0016
  35.508	   0.0018	   0.0036	   0.0018	   0.0032
  36.315	   0.0047	   0.0051	   0.0067	   0.0058
  37.122	   0.0052	   0.0028	   0.0059	   0.0035
  37.929	   0.0013	   0.0072	   0.0032	   0.0045
  38.736	   0.0019	   0.0066	   0.0027	   0.0048
  39.543	   0.0044	   0.0049	   0.0114	   0.0061
  40.350	   0.0015	   0.0093	   0.0082	   0.0070
  41.157	   0.0023	   0.0107	   0.0044	   0.0078
  41.964	   0.0060	   0.0161	   0.0118	   0.0132
  42.771	   0.0111	   0.0225	   0.0161	   0.0194
  43.578	   0.0108	   0.0134	   0.0138	   0.0128
  44.385	   0.0059	   0.0076	   0.0093	   0.0065
  45.192	   0.0011	   0.0093	   0.0053	   0.0063
  45.999	   0.0028	   0.0104	   0.0123	   0.0086
  46.806	   0.0045	   0.0086	   0.0130	   0.0080
  47.613	   0.0043	   0.0066	   0.0073	   0.0058
  48.420	   0.0031	   0.0051	   0.0044	   0.0044
  49.227	   0.0067	   0.0141	   0.0068	   0.0119
  50.034	   0.0045	   0.0067	   0.0052	   0.0053
  50.841	   0.0014	   0.0099	   0.0078	   0.0078
  51.648	   0.0087	   0.0200	   0.0074	   0.0165
  52.455	   0.0107	   0.0162	   0.0049	   0.0130
  53.262	   0.0096	   0.0130	   0.0054	   0.0124
  54.069	   0.0062	   0.0133	   0.0096	   0.0133
  54.876	   0.0088	   0.0101	   0.0057	   0.0104
  55.683	   0.0089	   0.0094	   0.0080	   0.0104
  56.490	   0.0098	   0.0103	   0.0124	   0.0105
  57.297	   0.0136	   0.0122	   0.0118	   0.0121
  58.104	   0.0151	   0.0125	   0.0094	   0.0123
  58.911	   0.0076	   0.0085	   0.0081	   0.0080
  59.718	   0.0043	   0.0043	   0.0086	   0.0030
  60.525	   0.0110	   0.0080	   0.0105	   0.0076
  61.332	   0.0085	   0.0068	   0.0148	   0.0085
  62.139	   0.0075	   0.0107	   0.0165	   0.0093
  62.946	   0.0032	   0.0110	   0.0096	   0.0074
  63.753	   0.0019	   0.0121	   0.0081	   0.0084
  64.560	   0.0018	   0.0168	   0.0120	   0.0133
  65.367	   0.0034	   0.0136	   0.0086	   0.0121
  66.174	   0.0073	   0.0124	   0.0064	   0.0119
  66.981	   0.0071	   0.0167	   0.0072	   0.0144
  67.788	   0.0042	   0.0128	   0.0038	   0.0113
  68.595	   0.0014	   0.0053	   0.0031	   0.0041
  69.402	   0.0001	   0.0021	   0.0064	   0.0020
  70.209	   0.0004	   0.0042	   0.0099	   0.0042
  71.016	   0.0024	   0.0036	   0.0094	   0.0046
  71.823	   0.0023	   0.0018	   0.0070	   0.0041
  72.630	   0.0022	   0.0019	   0.0033	   0.0038
  73.437	   0.0038	   0.0067	   0.0051	   0.0070
  74.244	   0.0030	   0.0033	   0.0064	   0.0033
  75.051	   0.0042	   0.0039	   0.0079	   0.0039
  75.858	   0.0061	   0.0045	   0.0065	   0.0045
  76.665	   0.0077	   0.0024	   0.0072	   0.0022
  77.472	   0.0089	   0.0014	   0.0064	   0.0025
  78.279	   0.0087	   0.0058	   0.0035	   0.0045
  79.086	   0.0062	   0.0085	   0.0035	   0.0060
  79.893	   0.0060	   0.0056	   0.0030	   0.0033
  80.700	   0.0089	   0.0032	   0.0015	   0.0029
  81.507	   0.0093	   0.0066	   0.0034	   0.0051
  82.314	   0.0078	   0.0129	   0.0094	   0.0092
  83.121	   0.0038	   0.0147	   0.0105	   0.0094
  83.928	   0.0018	   0.0126	   0.0063	   0.0073
  84.735	   0.0024	   0.0119	   0.0014	   0.0069
  85.542	   0.0026	   0.0114	   0.0036	   0.0067
  86.349	   0.0044	   0.0064	   0.0053	   0.0048
  87.156	   0.0054	   0.0036	   0.0098	   0.0046
  87.963	   0.0088	   0.0050	   0.0060	   0.0052
  88.770	   0.0105	   0.0102	   0.0073	   0.0102
  89.577	   0.0059	   0.0093	   0.0093	   0.0074
  90.384	   0.0108	   0.0026	   0.0046	   0.0028
  91.191	   0.0108	   0.0006	   0.0031	   0.0011
  91.998	   0.0058	   0.0081	   0.0040	   0.0062
  92.805	   0.0068	   0.0114	   0.0035	   0.0099
  93.612	   0.0062	   0.0108	   0.0025	   0.0098
  94.419	   0.0076	   0.0095	   0.0054	   0.0087
  95.226	   0.0078	   0.0099	   0.0075	   0.0072
  96.033	   0.0128	   0.0088	   0.0079	   0.0045
  96.840	   0.0170	   0.0100	   0.0088	   0.0102
  97.647	   0.0185	   0.0128	   0.0121	   0.0130
  98.454	   0.0164	   0.0151	   0.0126	   0.0121
  99.261	   0.0180	   0.0174	   0.0126	   0.0147
 100.068	   0.0192	   0.0249	   0.0138	   0.0220
 100.875	   0.0152	   0.0272	   0.0134	   0.0214
 101.682	   0.0107	   0.0263	   0.0131	   0.0177
 102.489	   0.0083	   0.0200	   0.0102	   0.0123
 103.296	   0.0056	   0.0144	   0.0072	   0.0110
 104.103	   0.0060	   0.0112	   0.0046	   0.0097
 104.910	   0.0072	   0.0171	   0.0124	   0.0133
 105.717	   0.0039	   0.0192	   0.0163	   0.0132
 106.524	   0.0081	   0.0128	   0.0081	   0.0059
 107.331	   0.0078	   0.0190	   0.0057	   0.0136
 108.138	   0.0062	   0.0253	   0.0090	   0.0182
 108.945	   0.0101	   0.0258	   0.0065	   0.0185
 109.752	   0.0100	   0.0254	   0.0105	   0.0177
 110.559	   0.0045	   0.0270	   0.0121	   0.0183
 111.366	   0.0086	   0.0249	   0.0151	   0.0170
 112.173	   0.0125	   0.0195	   0.0142	   0.0121
 112.980	   0.0177	   0.0185	   0.0124	   0.0128
 113.787	   0.0210	   0.0187	   0.0150	   0.0122
 114.594	   0.0222	   0.0160	   0.0149	   0.0146
 115.401	   0.0195	   0.0170	   0.0208	   0.0179
 116.208	   0.0192	   0.0100	   0.0216	   0.0149
 117.015	   0.0264	   0.0072	   0.0195	   0.0133
 117.822	   0.0216	   0.0065	   0.0123	   0.0048
 118.629	   0.0151	   0.0115	   0.0141	   0.0103
 119.436	   0.0141	   0.0143	   0.0174	   0.0194
 120.243	   0.0047	   0.0133	   0.0129	   0.0120
 121.050	   0.0144	   0.0037	   0.0101	   0.0030
 121.857	   0.0103	   0.0110	   0.0022	   0.0098
 122.664	   0.0025	   0.0079	   0.0043	   0.0118
 123.471	   0.0045	   0.0092	   0.0065	   0.0089
 124.278	   0.0181	   0.0181	   0.0157	   0.0177
 125.085	   0.0318	   0.0257	   0.0179	   0.0260
 125.892	   0.0372	   0.0466	   0.0250	   0.0435
 126.699	   0.0465	   0.0494	   0.0299	   0.0453
 127.506	   0.0327	   0.0723	   0.0427	   0.0606
 128.313	   0.0165	   0.0905	   0.0504	   0.0802
 129.120	   0.0055	   0.0674	   0.0394	   0.0642
 129.927	   0.0141	   0.0643	   0.0346	   0.0612
 130.734	   0.0128	   0.0526	   0.0235	   0.0441
 131.541	   0.0207	   0.0342	   0.0194	   0.0272
 132.348	   0.0250	   0.0519	   0.0333	   0.0355
 133.155	   0.0251	   0.0776	   0.0504	   0.0558
 133.962	   0.0188	   0.0433	   0.0258	   0.0324
 134.769	   0.0073	   0.0264	   0.0111	   0.0122
 135.576	   0.0135	   0.0155	   0.0147	   0.0202
 136.383	   0.0195	   0.0378	   0.0181	   0.0410
 137.190	   0.0126	   0.0381	   0.0173	   0.0316
 137.997	   0.0058	   0.0262	   0.0287	   0.0188
 138.804	   0.0149	   0.0232	   0.0107	   0.0106
 139.611	   0.0426	   0.0318	   0.0151	   0.0251
 140.418	   0.0402	   0.0250	   0.0062	   0.0060
 141.225	   0.0291	   0.0170	   0.0166	   0.0174
 142.032	   0.0284	   0.0271	   0.0251	   0.0180
 142.839	   0.0109	   0.0282	   0.0272	   0.0246
 143.646	   0.0375	   0.0106	   0.0148	   0.0100
 144.453	   0.0566	   0.0377	   0.0422	   0.0325
 145.260	   0.0548	   0.0555	   0.0389	   0.0403
 146.067	   0.0493	   0.0410	   0.0314	   0.0319
 146.874	   0.0120	   0.0780	   0.0429	   0.0587
 147.681	   0.0196	   0.0918	   0.0342	   0.0710
 148.488	   0.0263	   0.0547	   0.0389	   0.0337
 149.295	   0.0390	   0.0531	   0.0481	   0.0360
 150.102	   0.0409	   0.0622	   0.0419	   0.0406
 150.909	   0.0253	   0.0713	   0.0319	   0.0510
 151.716	   0.0369	   0.0526	   0.0294	   0.0315
 152.523	   0.0323	   0.0591	   0.0300	   0.0325
 153.330	   0.0150	   0.0755	   0.0248	   0.0382
 154.137	   0.0397	   0.0594	   0.0112	   0.0417
 154.944	   0.0079	   0.0657	   0.0208	   0.0605
 155.751	   0.0516	   0.0825	   0.0341	   0.0747
 156.558	   0.0618	   0.0761	   0.0329	   0.0889
 157.365	   0.0434	   0.0577	   0.0291	   0.0570
 158.172	   0.0285	   0.0163	   0.0201	   0.0018
 158.979	   0.0260	   0.0335	   0.0323	   0.0242
 159.786	   0.0673	   0.0422	   0.0552	   0.0080
 160.593	   0.0957	   0.0246	   0.0438	   0.0110
 161.400	   0.1170	   0.0058	   0.0286	   0.0137
 162.207	   0.0891	   0.0270	   0.0196	   0.0297
 163.014	   0.0497	   0.0644	   0.0277	   0.0512
 163.821	   0.0522	   0.0384	   0.0075	   0.0323
 164.628	   0.0594	   0.0541	   0.0172	   0.0374
 165.435	   0.0362	   0.0477	   0.0198	   0.0264
 166.242	   0.0555	   0.0025	   0.0078	   0.0437
 167.049	   0.0511	   0.0321	   0.0383	   0.0585
 167.856	   0.0253	   0.0734	   0.0580	   0.0663
 168.663	   0.0404	   0.0473	   0.0449	   0.0178
 169.470	   0.1175	   0.0203	   0.0455	   0.0963
 170.277	   0.3116	   0.0311	   0.0638	   0.1819
